070583020059200300340006507795000632003697100680002700914835076030701495567429013
790058200004607058503002670040270506039500180670019002900701004068005700307480025
913000500607000024050080070079000000002090043000004090040001900706009005001006407
308760194970214683601389250003526040862000509754891362007048935430050070080930020
200030906360091052805267341050174089720380100180506037032058604408002503010900028
692587030183469207475213080324870095906340000708690143807934512009106074541708369
436071825158243679090680301870400936623197458045368712389014260562709184710826590
318925467742638019056740238869152743573489621024376985237514896681297350495803172
537642198090080054680519207953024716062375489078001520745298360826137945310456072
026900000090100040083075029650013482370520901008490500001000706700851394040067018
467519382038020170210380564375240916984051237126903840840795021690134750751862493
325760819186329745740581030592046301870290400634157290213978564057612903068430007
089067020530809160607350080005021700000986050924730016300510972200603508058294631
508643721723105649401297003986004315370910260214356987840579136657831492139462508
813050000796030815542190736264913580078240961159786320000071093031024670480369100
640590281135820749820701536703289160090650823268014057912465370084072610506038492
080320095376859412295047368407298651529761834618534927961485073743902586852670140
218970064094823175537610829402108093950400081080592746821340907305789002749050038
016579400902408010475013908004891670781635000693020050549380126360100507107950084
534098160128065407700402003461509728280670319000800645917006804043087250852143976
176583924859274361342916587795148632423697158681352749914835276238761495567429810
910600043305004298480902650104086072700090000236470019809163025020847036643020087
008032904094876321123509080257098000410725039039010270781000460962480500045000798
704865923305009401009314578176090004253006019498002056560901087847603192001280000
270580100003012985058093407004859312580030740901207050817965030320400691496300578
130402006950830742470059310060000079091763485507094631800027060649080120700140893
500079281807165093401280005000891340984002710312607958109024000030950104240016509
408036002300591870005842930001200090630019280820075461270100659953607140006954300
010245367650731829300600104040003518001856472580024006068019045403587090095000083
050097800100030056489056723917305060265709300804012507728060109001823074643071200
784351009920847015015900704649508070800100500150076908207689051001420867060705293
070600200000293108090000005010420000058360402742015960507040001009532700030070000
000004780784103056530082000309200004040850100008009000005420390090005008417930560
000806000000302601017090200573600029169020485040000700000000800954268007080907540
003001052008304000190000008900702100731048069040000785027803090810976000009420801
709300040813000725060000008005802000000500100001907504136000400080651039500704800
000900460450000820000605013600010007001060030900254680072086304064701058805430076
856092000000780040940310085070948061015230000400060070500603010160070053030104609
382005900060090250009061087051740600800902005004000020000504103013600500600007049
453020760600830254000400300000900500130500976580670000000096803970040005360000197
005740263320890070104300598703900002000000947589000010201403089007000100000120600
040590823937200100000100070000310780300002010614800300002705400061920000000400000
796000004030420070104000306000700140000908035800005090600037000205094000900501400
600100923030060400090204050060421870000096005800005200050700000302000007780040091
001500000007090400800067009010020600000830024300470008780300946049708000000609875
000460028860001040009000601401020800608510000090000000004602530306170000027805010
100000587800040326050370194400286700302015640000734002900053071021867009730192005
460851002370409086002600594204005017006914308180007009901700865637508200508046903
251007000908001002304020500130005047400710300780000006820004050003280700600003021
924650070010907000050401002100000708002000039070010045560073904008000617709100020
049802107006430095015006000458073902100925608600004000060047080934508726827309001
056091403000706002710305068001008307493072851080130200275860030134520680068413025
403700106000010203001302040040003702007846350130205098602008014800001637314960005
400002009120003657000860004070400230342017968681009740060000093703608402019304506
900306071210090653060050402700604000000982040604015009452861030109540260006270014
230080406401020809090106000584912630070800942000407580802070094340200105016304708
080270054260005001517460082128030000679004023400000708006012045051009237040708169
253018740489037060670950300500870613820000495130090287000580100048003950900700802
620100000580236001010009020000002100001684279900307004230050098890023716074968302
605043970092080000013972805054869701000420583270001400030290140540618009001000658
009001504601028907300094600060917253093805470507302069400100398900253100006089725
509621438300790106010000702038506010450219080021083970160950820200100069005002301
600385100701490820080721060008600519540003006167950030015002304823040600400000208
609730058580002039300890064090257003000483000405100072216548397940026581853970006
700080010130040086004016503328000057590270604647003021450020008072609000910804002
851006079020540103370800002518730926003910048040085310092403065000009031007150294
960004300037816900200530100002083007300047890178902640000061705003270409705398260
596020410010693000002501006609070300030210698050369720900002000040780009107900502
090000670603574219000060003031706850000042307270350104309005721762903080005027906
069801520040653090857942631200364050080007306600000012098000103020030489010790205
564072890081539000730046002010020684040001900000060051173085240452090060690210730
007905010008140703015700960760518302183096005002074186320657849009821600800030501
801000009324001000600205100000300405030010806010468723549120078180700040200809301
782500094509042080040900700800409623600000871070861945007005210008120469020080537
802006741094003056516704030905000803000507609681039574050302000307400002020008060
381642007607530218000078034010056790093420065805390020138900572950780106400015300
701600098000158026268970510590062370017435089082791000020049007105080040946007830
517000000489010060623008010095070236004301705070050190931765400850002000740089050
651002008780610043403000501107369002090500607305078419030020180514980006200050090
800030695320000047975800000600500082100976530057080900064718309019650070038429156
000961728007000350080500409068009572094625031023017060006702143241000007300100000
400206030390070400782039106973100268641028593000063741239610800850000609064800305
407006520001050964000208730004085290000490315750001846200000179040100600003569002
008041350156200470009578200007056040200790035060023900813960704400080001075410000
500060080486590012092340060000409600040200708927006453839620170714905236065001800
402081960000342007178000020300094008804137659507620410280465700700219806640870092
962004130800000002140030680487200390300870210219000708000396001694007800701420905
930856000057100200016270905700420509501963702294005683620381007000000091148007306
100004068000938012280160370950412730706300021302800945091080657800541203003090084
600784190970210068510900074040027083805003002037158640400502831780040006351009000
914372056653401907820956003070104600309000040060007095196508374000740102002613589
600501009108070005270090600027136400400007000800050007581709060040000501300210084
390800710008502096000070008800027001005000870000100049921006500700295080504730900
507010396400009008093080001370890162109600003008000900030408000710030080040760009
035600000842000000009810030520406090080570200716930008097008600000700020000069347
800650040001080062400021037003060009004100600678000300709810050080570100152094700
003500000000301750078492130001700589705039420029050600900270800840010000350840007
007000180210000930580061007006398270070000650090500048709104000020600004640029700
000030041180500070070408095010000900040070568200890017000103709035900180001600430
904085713385000009700004000009038204000910000850400601007060508600802940008000100
040506830300012759750039004500790000090000100107340000025007310003060582600203490
