070583020059200300340006507795000632003697100680002700914835076030701495567429013
790058200004607058503002670040270506039500180670019002900701004068005700307480025
913000500607000024050080070079000000002090043000004090040001900706009005001006407
308760194970214683601389250003526040862000509754891362007048935430050070080930020
200030906360091052805267341050174089720380100180506037032058604408002503010900028
692587030183469207475213080324870095906340000708690143807934512009106074541708369
436071825158243679090680301870400936623197458045368712389014260562709184710826590
318925467742638019056740238869152743573489621024376985237514896681297350495803172
537642198090080054680519207953024716062375489078001520745298360826137945310456072
026900000090100040083075029650013482370520901008490500001000706700851394040067018
467519382038020170210380564375240916984051237126903840840795021690134750751862493
325760819186329745740581030592046301870290400634157290213978564057612903068430007
089067020530809160607350080005021700000986050924730016300510972200603508058294631
508643721723105649401297003986004315370910260214356987840579136657831492139462508
813050000796030815542190736264913580078240961159786320000071093031024670480369100
640590281135820749820701536703289160090650823268014057912465370084072610506038492
080320095376859412295047368407298651529761834618534927961485073743902586852670140
218970064094823175537610829402108093950400081080592746821340907305789002749050038
016579400902408010475013908004891670781635000693020050549380126360100507107950084
534098160128065407700402003461509728280670319000800645917006804043087250852143976
176583924859274361342916587795148632423697158681352749914835276238761495567429810