0041100000022104
0040020003002431
1300020300010130
3004002300301300
4123230404320201
0230102024103140
4003024003101030
3124001320001342
1430031441003241
0000132001323240
1320241342313040
0123000414323241
0104240010424001
0004023110000410
2310140041303001
0002203014000241
1200032124000040
1032324023040023
4010213400030421
4100321420301042
0201100424133002
0201012010022314
3124021024001042
4302004310003421
3041143223104120
0040420024130324
1432301423404023
2043342140120230
1200401020303104
4020000104021004
0310142002004100
0241103023144123
1000403001000412
2130430000433020
0214043243212140
3412123400034321
1042003131242413
0304012302010402
4310200000001420
1340240331240001
0001412304023000
3201012310322314
4000010002033021
1040200100004120
2341140000200214
1324241340303201
2100041242000304
0004243010020010
4213030400002001
0312204334201204
1234041220404103
1302003024103000
2100042110424010
2431014210204013
2010012013400201
3142420013242031
2341410214233010
0030301020411420
4132021020410423
3124041010400031
2040140242103024
2003304203044030
3041142340322310
2010314213244200
4230104024133124
1002321440200341
3204100023014103
0301143200233210
0143400034121004
2100340100131042
1002240000004120
4002030010233004
1032000003104123
4103000112300400
1403301441302341
3000423020041020
4231034204103024
0134340043211240
1230002134100103
0020423030020140
3410123003212143
2000413234211240
0310413210203240
0342023031200003
0300120030210043
0102321404232341
4003200002340010
4012210434011243
0400130031024003
3402120003004003
4231102004102040
0203431231200030
2314010234211203
2001412332001032
0302421001000030
1243400000340010
0020214002344310
4003304013000001
2314412310023041
0014143000434001
0342420104003124
